ID
1003981
1004151
1005920
1005943
1006388
1009208
1012921
1013475
1013859
1015570
1016293
1017012
1017792
1018089
1018244
1020217
1020316
1020398
1020793
1023207
1023272
1024338
1025556
1030502
1031443
1032426
1032616
1032892
1034413
1036694
1037406
1038987
1041952
1043723
1044484
1045331
1048722
1049309
1050237
1051753
1052238
1052603
1052636
1056074
1056825
1057556
1057673
1057843
1057851
1058359
1058860
1058968
1060413
1061018
1063558
1066159
1066304
1066940
1068568
1070462
1071143
1071464
1072110
1073610
1073732
1074575
1074840
1075132
1075428
1076027
1077058
1077429
1077897
1079196
1080153
1080222
1080516
1081742
1081828
1082324
1082410
1082771
1083632
1083852
1084650
1084818
1086268
1089693
1092068
1093421
1093995
1094051
1095764
1096216
1097443
1100420
1100607
1100725
1102894
1103838
1104932
1106051
1106548
1107248
1107408
1107652
1108552
1108886
1109596
1110281
1112958
1115250
1117149
1118122
1118688
1119263
1124343
1124408
1125120
1125137
1125441
1125998
1126272
1126746
1130898
1131896
1132527
1132838
1132863
1134207
1134450
1135038
1135547
1137220
1138182
1138200
1138663
1138923
1140632
1141036
1141133
1141523
1143000
1143048
1145983
1147529
1148040
1148215
1148583
1149495
1149811
1151663
1151772
1152187
1152332
1154870
1155146
1156174
1156307
1157255
1158161
1162487
1163772
1165525
1167810
1168786
1168870
1169514
1169880
1169931
1171770
1173326
1173704
1174164
1175710
1178564
1178992
1179808
1180043
1180079
1180355
1180765
1181381
1184118
1184179
1184402
1184973
1187643
1188177
1188835
1189021
1189068
1189189
1189975
1190259
1190976
1192339
1193422
1193777
1194114
1194887
1195674
1196845
1198143
1198402
1198423
1198632
1198880
1199499
1203127
1204300
1205148
1205407
1205806
1208111
1208602
1208664
1209520
1212303
1216489
1218229
1219143
1221066
1222891
1223125
1223273
1224992
1227509
1230059
1230352
1230499
1230753
1231223
1231818
1231925
1233107
1233438
1234433
1234755
1235078
1235890
1237085
1237641
1239895
1240466
1240656
1241130
1241304
1241373
1242894
1244117
1245469
1247213
1247440
1248723
1248910
1249515
1249876
1251022
1253102
1253406
1256428
1256812
1257484
1258039
1258241
1260382
1260398
1260592
1263634
1263876
1265374
1267120
1268554
1268936
1269211
1269842
1272735
1273535
1274824
1275800
1276573
1276834
1278449
1280528
1283580
1285177
1285329
1285398
1287221
1287387
1290155
1290808
1291346
1291651
1292899
1293924
1295201
1295838
1295998
1296905
1299463
1300566
1301269
1301707
1303655
1306677
1311541
1311825
1312847
1313048
1314500
1315381
1316567
1317139
1317957
1318785
1320802
1321082
1325210
1325283
1325876
1326108
1326725
1327885
1328899
1330401
1331103
1331593
1332596
1332655
1333668
1339363
1339380
1340530
1342616
1344111
1345128
1345729
1345750
1346853
1347115
1347382
1347505
1347755
1348273
1349632
1349736
1350366
1351028
1352424
1352704
1353236
1353492
1353504
1354730
1355077
1355088
1356794
1359316
1359861
1360887
1361000
1362894
1362960
1366319
1367078
1367439
1367624
1367996
1369763
1369951
1370552
1372304
1374351
1375010
1375312
1375527
1375586
1375982
1376157
1376308
1376482
1377493
1378302
1381491
1383987
1385139
1385466
1386048
1386373
1388019
1389008
1390483
1390522
1391866
1392080
1393614
1393750
1394217
1394252
1395269
1395506
1398498
1400501
1401958
1404763
1407458
1409109
1411684
1411901
1412048
1412810
1413688
1414366
1414761
1415488
1417322
1418656
1418887
1420305
1422326
1426191
1427003
1427314
1428743
1430171
1431551
1431690
1431828
1432064
1434264
1434374
1434757
1434954
1436326
1437343
1438284
1440894
1441202
1441487
1442672
1445609
1448228
1448791
1449134
1449808
1449956
1450221
1451134
1451524
1454061
1458622
1458690
1459659
1459873
1460932
1461122
1461136
1462339
1462966
1463862
1465141
1466414
1466735
1467750
1468676
1473603
1475422
1476380
1476620
1476901
1477377
1478954
1479150
1479182
1479889
1480224
1481652
1484132
1485673
1487118
1487527
1487676
1490447
1490530
1493225
1493495
1494425
1495221
1496935
1499648
1499852
1501724
1502952
1503995
1504270
1504417
1505193
1505489
1506229
1507341
1507661
1507801
1507893
1509845
1510921
1511787
1512015
1512113
1512204
1512590
1512849
1512926
1512934
1514837
1516695
1519881
1520117
1522577
1526182
1526225
1527802
1528357
1530509
1530886
1531605
1532373
1532421
1534471
1537215
1537665
1540217
1540457
1543003
1543011
1545460
1545604
1545733
1545913
1546208
1546630
1547459
1548424
1549290
1554779
1555285
1556155
1558231
1558317
1558987
1559120
1559402
1560638
1561488
1563139
1563396
1565637
1565727
1565926
1567168
1567724
1567920
1568865
1571342
1574920
1576196
1577047
1577134
1578512
1578915
1579322
1581152
1581180
1581820
1582504
1582801
1585129
1585638
1587344
1591723
1592568
1593631
1595642
1596009
1597041
1597375
1598971
1600109
1602523
1604245
1604330
1604906
1604970
1605719
1606594
1606652
1607107
1607319
1607597
1608312
1611031
1612318
1612988
1615058
1615450
1616186
1616968
1617483
1617955
1618280
1618518
1619310
1620767
1621149
1621473
1622136
1622476
1623433
1623689
1625313
1626483
1627063
1628954
1629060
1630760
1630828
1631533
1631594
1632538
1632999
1633149
1634309
1634618
1635493
1637179
1637982
1639091
1639139
1639644
1640907
1641181
1642953
1647358
1647981
1649110
1650372
1650454
1652368
1654149
1654395
1655437
1657552
1658129
1658761
1659561
1660589
1662364
1663161
1663936
1664778
1665486
1665977
1666514
1667476
1667593
1667829
1669458
1674720
1675903
1675911
1675967
1676101
1676895
1677246
1680964
1686146
1689032
1689667
1690484
1690656
1691406
1691551
1692096
1692250
1693722
1696005
1697453
1699133
1699619
1700047
1701113
1701618
1703190
1704147
1705333
1706746
1706876
1707892
1708153
1709614
1710277
1710997
1711688
1711882
1713193
1713612
1714302
1714565
1714776
1715000
1716093
1717581
1717614
1718368
1723654
1723736
1723774
1724215
1725158
1726043
1726268
1727959
1729121
1729149
1731447
1732103
1732578
1733102
1738460
1739055
1739728
1740432
1740751
1741360
1741513
1742278
1747031
1747284
1750637
1751014
1751794
1756824
1757111
1757720
1757792
1760841
1761702
1762182
1762728
1763303
1763843
1764287
1766598
1768592
1768856
1769190
1769784
1769831
1770054
1770347
1770611
1772300
1772509
1773447
1773601
1774901
1775866
1777007
1778294
1782277
1784882
1785662
1785704
1786467
1786839
1787217
1787331
1788088
1788113
1789028
1790728
1795926
1797738
1798006
1799123
1799611
1800523
1801289
1801451
1801801
1805051
1805135
1806284
1806300
1806381
1806403
1809767
1811281
1812178
1812538
1815039
1815851
1815997
1821493
1823911
1824914
1825320
1826947
1828168
1829178
1829403
1829895
1830491
1833039
1838962
1839307
1839542
1841028
1841137
1843330
1844300
1845727
1845849
1846757
1849097
1850725
1852030
1852148
1852250
1853669
1854223
1854818
1855271
1855555
1856249
1857116
1860703
1861045
1865694
1865862
1866363
1866558
1869281
1870544
1871307
1874341
1875494
1875734
1877747
1877877
1879088
1879132
1880777
1883271
1884351
1884996
1886121
1886905
1887095
1891066
1892625
1893298
1893338
1893762
1895748
1895855
1896316
1902258
1902302
1902565
1904048
1907578
1907602
1908210
1909606
1910448
1910497
1910602
1910743
1911525
1912595
1912973
1913919
1914036
1914185
1914244
1914800
1915405
1916291
1917538
1917907
1920416
1922277
1924615
1925671
1926814
1927592
1929488
1930512
1930638
1931201
1932475
1933912
1934142
1935030
1935064
1935771
1937327
1939252
1939856
1940301
1940974
1943629
1943932
1944056
1945780
1948962
1950086
1950460
1953935
1955778
1957043
1959298
1961148
1961346
1961522
1962872
1963227
1966905
1967631
1968140
1968418
1968531
1971398
1971844
1973904
1974818
1975425
1976107
1976548
1977799
1978670
1979813
1980226
1981848
1984475
1986786
1987258
1988673
1990505
1990551
1990734
1993752
1994643
1995629
1995673
1998903
2000361
2002676
2003666
2004746
2005171
2005826
2006217
2007193
2008836
2008845
2009345
2011806
2012280
2012537
2012658
2012667
2013356
2015916
2016261
2016340
2017561
2019285
2019686
2020799
2022270
2022378
2024047
2024354
2025100
2025536
2025740
2026039
2027655
2029398
2029760
2030323
2030598
2033562
2034230
2037735
2037799
2038098
2040250
2041948
2043569
2044347
2044835
2046166
2046306
2047399
2048036
2048074
2048210
2049723
2051490
2052858
2053948
2055058
2055619
2057410
2058485
2058579
2059804
2060460
2061743
2063657
2065141
2065689
2065953
2066439
2067525
2067802
2067896
2068357
2069786
2071763
2071832
2073252
2073645
2073726
2073844
2074446
2075944
2076499
2078805
2079182
2079638
2080263
2080674
2081198
2082694
2086190
2087767
2087973
2089377
2090752
2092303
2092583
2093104
2093427
2095066
2095183
2096972
2099166
2104154
2104536
2104684
2104926
2105040
2105311
2106737
2109075
2109607
2109801
2110488
2111112
2112328
2113690
2114326
2114765
2114830
2115220
2116637
2117887
2118820
2118913
2120355
2123175
2125314
2125362
2125642
2125724
2126418
2126801
2129615
2131372
2131946
2132601
2134893
2135412
2135778
2136001
2138562
2139100
2139651
2140089
2141017
2143165
2143173
2144356
2145079
2145967
2146999
2148148
2149166
2149192
2149632
2149965
2150269
2151586
2151789
2152989
2155786
2156215
2156241
2156277
2158085
2161130
2161433
2162176
2165158
2166378
2166945
2167318
2167811
2168606
2170237
2171096
2171885
2171919
2172350
2172494
2176244
2177510
2179387
2179990
2181128
2181989
2183181
2183833
2184564
2187694
2188269
2189757
2191572
2192075
2194141
2198327
2201261
2201515
2202677
2203701
2205715
2206088
2206740
2206786
2207656
2208442
2209691
2210127
2210222
2211331
2213562
2214014
2215310
2216877
2217440
2218098
2224628
2224957
2225275
2225347
2225636
2226320
2228293
2228722
2230445
2230862
2232177
2232742
2235514
2236207
2236642
2237259
2237712
2239967
2241087
2242205
2242853
2242871
2242956
2243210
2243353
2243634
2244978
2245191
2245757
2248378
2250596
2251009
2251531
2253093
2253414
2254344
2256205
2256808
2260165
2260594
2261539
2261904
2264266
2264300
2264348
2265771
2266230
2270641
2272105
2277101
2277134
2278225
2280589
2280771
2281264
2282258
2282628
2282860
2282957
2284470
2284485
2284674
2284861
2286255
2287555
2288559
2288634
2289853
2291284
2295416
2295752
2296819
2297522
2299006
2299295
2300392
2303127
2303153
2303203
2303725
2303732
2303906
2307660
2307724
2312175
2313964
2314975
2315079
2316047
2318461
2318620
2319234
2322817
2322875
2323002
2326421
2326861
2327546
2328915
2329556
2329913
2332968
2334701
2334971
2336613
2336931
2339004
2339300
2340046
2340819
2342309
2342714
2343184
2343278
2343891
2344925
2347680
2348956
2350201
2350711
2350846
2350904
2352688
2353102
2353622
2356132
2356753
2356987
2357957
2358401
2359988
2360674
2361026
2361392
2362552
2362788
2363261
2364483
2364620
2365698
2365818
2366975
2367321
2368199
2369038
2370424
2371237
2371764
2372147
2372890
2376330
2376754
2378470
2380241
2381295
2382036
2384038
2386585
2387183
2388891
2389273
2389407
2389456
2391247
2391684
2392995
2393214
2394297
2394663
2395767
2395817
2396308
2397818
2398504
2399135
2399334
2399815
2400785
2403458
2403580
2405159
2406104
2406890
2408711
2409461
2410172
2410355
2411325
2411458
2412624
2413401
2414143
2414891
2417100
2418468
2418719
2419784
2422372
2426410
2427258
2428572
2429116
2432325
2434901
2438249
2439769
2440814
2442275
2445166
2447460
2450696
2454327
2454386
2454515
2455396
2456835
2458232
2459062
2459478
2461733
2462713
2462887
2464081
2465384
2466539
2467372
2467469
2470149
2470362
2471912
2472311
2476300
2476376
2476474
2476563
2477130
2477470
2477603
2478461
2478762
2481255
2482257
2482463
2483797
2485651
2487905
2488103
2489347
2489421
2490418
2490970
2492435
2492795
2494138
2494442
2494460
2494507
2494981
2495174
2495519
2496823
2498928
2499984
2501644
2505877
2505936
2506546
2507543
2507927
2509711
2510141
2512935
2512972
2517278
2519153
2520338
2520786
2521071
2521682
2523107
2523301
2525276
2525646
2526553
2528876
2529517
2530576
2532822
2533277
2533673
2534184
2534508
2534654
2535058
2535813
2536290
2536529
2537030
2537679
2542249
2543547
2544944
2546264
2546401
2548975
2549421
2549787
2549856
2553120
2553496
2553809
2554296
2555578
2556285
2556597
2559465
2559523
2561036
2562006
2562240
2562991
2563032
2563398
2566096
2566265
2566352
2567968
2568146
2568390
2568426
2568682
2568785
2569549
2569624
2569889
2572825
2572869
2573279
2574091
2574341
2576440
2578423
2578697
2580552
2581637
2583425
2583980
2584213
2584735
2584822
2585179
2586791
2587818
2591161
2592809
2594775
2596468
2597187
2597862
2597935
2601706
2602388
2602451
2602492
2602531
2603212
2604543
2605087
2606539
2606817
2606891
2607085
2607555
2608272
2608746
2609178
2609777
2611199
2611233
2611896
2615826
2616690
2618060
2618232
2618915
2618996
2619866
2620523
2622528
2623034
2623652
2624310
2624454
2627263
2627726
2627734
2629028
2629697
2630297
2631488
2632532
2632608
2633009
2633211
2636455
2637261
2639995
2640066
2643374
2645897
2645966
2649295
2649963
2650124
2650507
2651696
2651829
2652523
2652541
2655835
2656129
2657018
2660999
2661444
2667401
2667851
2671069
2671102
2671667
2672714
2673007
2675425
2676135
2678332
2678956
2679431
2680056
2681149
2684020
2684500
2685187
2685814
2686894
2687323
2688215
2689320
2690032
2690861
2692205
2692313
2692956
2694338
2694637
2698199
2698798
2701292
2703794
2704415
2705482
2705530
2705752
2705876
2706114
2706860
2707100
2707590
2708350
2708566
2709630
2710589
2711146
2712236
2713463
2715129
2715624
2715735
2717033
2717085
2717136
2717560
2717952
2718984
2719348
2720013
2720054
2721248
2721506
2724216
2724833
2725768
2728747
2731186
2731364
2732053
2734425
2734454
2735342
2735729
2736490
2736808
2737177
2737329
2738483
2739982
2740202
2741240
2742447
2742943
2743764
2744108
2746318
2746462
2746822
2747037
2747491
2748625
2750621
2751456
2752263
2754638
2755010
2756058
2758140
2758211
2758906
2759051
2759424
2759475
2760021
2760295
2760688
2762863
2764642
2766097
2766291
2767546
2770165
2770366
2770585
2770728
2770915
2772334
2773139
2775298
2775960
2776374
2777693
2780466
2781025
2781645
2782993
2783293
2785630
2786841
2787506
2788517
2789170
2789185
2789601
2790007
2790234
2797582
2798706
2798866
2800114
2800140
2800842
2801350
2801835
2802363
2802590
2802885
2803488
2804152
2804631
2805361
2805399
2805602
2805816
2806355
2808029
2810129
2810213
2812480
2813628
2816721
2816733
2816969
2818501
2818924
2821812
2822032
2822069
2822457
2827698
2827976
2828635
2829782
2829989
2833229
2833247
2833934
2835834
2838680
2839976
2840312
2840540
2843742
2844532
2845657
2845730
2846059
2847492
2848053
2848673
2849198
2849254
2849320
2849392
2849506
2849707
2849783
2850603
2851570
2851811
2852694
2854651
2855345
2856677
2860371
2861315
2861826
2862434
2862770
2864425
2865084
2865438
2866082
2869947
2870309
2873257
2874159
2874914
2875680
2877587
2878340
2880782
2881474
2881668
2883146
2884099
2884600
2888701
2889271
2891356
2891602
2893325
2893538
2893606
2894162
2900073
2900445
2901849
2901993
2903307
2903720
2903766
2904858
2905703
2905904
2907071
2907146
2908114
2908195
2910493
2912559
2915115
2917005
2917662
2917773
2918904
2919503
2919771
2922926
2923255
2923790
2925615
2925677
2926051
2926729
2927889
2928403
2929340
2933470
2933742
2934051
2934990
2935047
2939129
2941686
2942028
2942863
2943574
2944642
2949202
2949510
2951152
2952607
2952878
2954755
2957021
2958011
2960051
2960576
2960815
2964998
2965299
2965813
2966236
2968054
2968505
2969383
2969587
2970611
2971104
2971594
2972004
2975311
2975650
2976208
2977260
2977488
2977722
2979140
2979162
2979330
2982358
2982389
2984328
2986155
2986524
2987611
2991998
2994670
2995132
2995375
2995410
2995692
2996455
2997157
3000152
3000460
3002327
3002979
3005971
3006964
3012594
3014464
3014931
3015133
3016405
3016887
3017265
3018899
3019720
3019946
3020061
3020929
3021937
3023025
3024608
3027359
3028837
3028948
3029060
3031366
3031379
3031761
3032073
3032348
3033210
3033905
3034483
3036519
3036659
3038172
3039921
3040580
3041868
3041894
3042856
3043372
3043641
3044198
3044761
3044822
3047434
3048437
3050641
3051639
3053317
3055017
3056835
3056927
3059478
3060229
3060456
3063532
3063877
3064537
3065941
3066192
3066790
3068780
3070577
3071420
3071700
3072152
3072507
3074070
3074286
3075823
3076284
3076910
3077097
3077636
3078919
3079703
3082092
3082830
3082896
3084777
3086322
3086900
3087429
3087897
3089159
3090754
3091433
3091726
3092545
3093010
3094583
3096967
3099074
3102020
3103661
3103893
3103949
3106322
3106390
3106948
3108094
3108526
3110157
3110655
3110979
3111359
3111396
3112487
3113116
3114602
3115773
3115802
3117986
3118002
3119891
3120917
3121569
3122562
3123574
3123637
3123786
3125080
3126470
3126962
3126971
3127670
3127759
3127956
3128392
3129561
3129706
3132388
3136863
3138299
3139575
3140052
3140075
3140341
3141406
3142169
3142812
3142987
3143143
3143736
3144230
3144604
3145145
3146342
3147836
3150562
3152103
3153908
3154802
3158851
3158976
3159638
3160365
3160622
3161964
3162050
3162862
3163011
3164536
3165008
3165442
3167333
3168326
3170480
3170597
3170888
3171467
3173191
3173665
3174234
3177002
3177015
3177545
3180426
3180510
3182207
3182791
3183251
3184236
3184644
3185674
3186351
3186568
3186646
3190004
3190047
3190065
3195846
3196170
3197389
3198186
3199782
3199841
3201024
3201388
3202510
3202866
3205144
3206788
3207177
3207566
3211728
3212928
3214472
3217321
3217370
3219114
3219330
3221805
3223172
3223888
3224433
3224468
3225055
3226368
3227328
3227519
3229251
3229436
3230079
3230967
3234151
3235003
3235362
3236091
3236801
3238347
3238778
3241118
3243211
3244621
3245100
3245692
3245870
3246027
3246866
3247724
3248751
3249433
3249636
3251689
3251701
3254303
3254426
3255033
3255664
3255743
3255792
3255963
3256199
3257055
3257116
3257930
3259541
3259619
3259984
3262578
3262664
3262991
3265205
3265369
3266620
3267017
3267732
3268507
3270478
3271630
3273422
3273552
3273871
3274547
3274834
3275995
3278201
3279041
3279391
3280649
3282636
3283743
3284116
3286185
3286308
3287264
3289128
3289233
3289798
3290361
3290898
3291802
3291945
3293113
3294473
3296674
3296995
3298165
3298248
3298320
3299528
3300654
3302587
3304110
3304877
3305332
3307211
3308230
3308322
3308820
3309803
3310906
3311760
3311940
3312643
3313044
3314259
3315033
3315174
3316896
3319791
3320117
3321383
3322642
3323612
3324921
3325069
3325102
3326923
3330193
3330777
3331589
3334440
3334486
3334638
3334964
3335118
3337544
3338114
3338153
3339513
3342546
3342633
3342715
3343951
3344197
3344435
3344483
3345616
3346253
3346909
3347423
3348107
3349547
3351127
3352599
3352706
3353652
3353744
3353783
3354766
3354873
3356403
3356467
3356517
3357518
3357520
3357603
3357701
3358181
3360165
3361120
3361459
3362092
3364411
3364839
3365461
3366419
3368469
3368555
3370239
3370361
3372711
3372982
3373456
3374339
3374848
3375075
3375323
3377397
3378366
3378533
3379296
3379390
3379794
3380023
3380987
3381358
3381721
3382656
3382801
3382842
3383018
3383128
3383695
3384658
3386681
3387946
3389458
3390581
3391702
3392923
3394201
3397740
3397901
3400197
3401062
3402080
3402826
3404667
3406056
3406929
3407946
3410383
3412852
3413483
3413786
3416457
3416883
3417160
3417403
3422277
3423055
3423182
3425608
3426759
3428181
3428919
3431260
3433466
3433776
3434369
3434895
3434910
3435352
3436785
3437717
3438103
3438850
3439188
3439252
3441397
3441552
3443913
3444083
3446635
3449963
3450785
3452530
3453047
3453612
3454046
3454725
3455224
3455412
3456351
3457378
3458118
3458201
3459391
3459901
3461317
3462398
3463057
3463167
3464034
3464248
3464799
3465477
3465697
3466752
3469491
3469548
3469576
3470245
3470341
3471584
3472247
3472410
3473278
3474460
3474556
3474997
3475286
3475526
3476018
3476268
3476782
3476990
3481228
3482307
3483382
3485575
3485715
3486064
3486987
3487443
3488561
3489462
3489617
3491506
3493709
3493832
3495230
3495493
3498475
3499672
3499968
3500203
3500628
3501457
3502753
3503508
3506653
3507060
3508759
3510129
3510200
3510728
3511998
3512393
3514741
3514871
3514944
3515574
3517515
3518085
3519081
3519940
3520300
3522844
3523659
3524001
3525044
3525477
3525648
3530383
3530664
3532600
3535418
3536579
3537205
3537489
3538116
3538495
3540105
3542271
3543032
3543844
3544206
3544922
3545101
3545354
3545546
3546739
3547776
3548510
3548879
3549060
3549414
3550856
3553036
3553157
3553813
3554753
3556383
3556816
3556924
3557083
3560168
3560207
3560362
3561038
3561289
3561644
3562241
3562837
3565285
3565463
3565989
3568229
3568620
3568679
3569035
3569681
3570679
3571180
3572797
3573066
3573285
3573581
3574406
3576697
3577136
3578541
3579313
3580128
3580221
3580576
3581354
3581563
3582624
3582890
3582996
3583892
3584423
3585090
3586504
3589033
3589578
3592170
3593155
3594139
3595076
3595734
3598007
3598496
3598703
3604890
3605255
3605789
3608516
3609815
3611705
3612577
3613098
3613633
3614203
3618423
3618459
3619522
3619753
3619942
3620258
3622857
3623459
3624401
3624478
3625909
3626378
3627379
3627663
3628348
3630201
3630508
3631763
3633373
3635381
3638925
3639549
3642349
3642415
3642477
3642488
3642846
3643812
3644210
3644502
3645222
3645985
3647119
3650795
3650926
3651629
3652860
3653782
3655078
3656891
3660066
3661029
3663191
3666274
3668927
3672050
3673283
3675976
3676122
3676497
3678475
3679550
3679933
3680943
3681171
3681531
3682572
3684469
3684924
3686509
3689151
3689965
3690652
3695821
3695942
3696175
3696851
3697353
3697371
3698012
3699032
3701830
3702540
3707961
3710065
3712520
3714055
3714131
3714710
3715226
3715260
3716791
3718842
3720495
3721357
3722576
3723127
3723153
3723330
3724694
3726027
3726925
3726948
3728049
3728975
3731543
3732806
3732894
3734241
3734768
3735593
3736079
3736548
3738910
3739168
3739588
3741851
3742127
3742388
3742842
3742855
3742985
3744914
3745462
3746105
3746415
3747167
3747295
3749612
3751065
3753311
3755353
3756114
3756921
3756957
3757919
3758579
3758645
3758939
3762596
3763422
3764258
3767554
3767841
3768357
3768711
3768758
3769522
3770464
3772850
3774183
3775862
3776216
3778264
3778706
3781034
3781198
3781506
3782827
3784391
3784651
3786400
3786448
3786560
3788233
3788864
3789315
3789860
3790149
3791377
3791921
3793116
3793165
3793318
3794400
3794602
3795043
3796702
3797701
3798015
3798229
3798298
3799477
3799514
3800520
3803943
3804993
3807998
3809038
3811541
3811596
3811951
3812784
3812804
3813406
3817186
3818180
3819707
3820671
3820686
3820859
3820989
3821788
3821972
3823241
3823805
3824035
3825642
3826290
3826330
3827499
3827708
3828365
3829659
3830913
3830948
3832314
3832738
3832791
3833788
3835246
3835726
3836512
3838234
3838875
3842230
3843988
3844262
3844361
3844946
3844975
3845342
3847196
3847690
3848901
3853302
3855169
3855870
3857261
3859141
3859406
3859603
3860108
3860754
3861123
3861304
3862181
3862317
3862870
3864163
3864442
3864866
3865975
3866107
3866475
3867471
3870381
3871100
3871919
3874366
3875736
3875891
3876036
3876498
3876601
3876763
3877712
3878725
3879257
3880917
3882838
3884634
3885443
3885957
3887445
3887961
3888269
3888521
3889367
3890666
3891493
3892114
3892834
3893020
3893387
3894485
3895232
3895254
3896613
3898951
3900608
3901126
3902248
3904368
3904790
3905168
3905353
3905559
3906364
3906388
3906683
3907015
3907651
3910250
3910428
3911631
3912171
3912598
3912607
3913773
3914164
3915198
3915988
3918775
3920076
3920872
3921093
3922788
3924620
3925008
3925124
3925650
3926085
3926145
3927226
3928463
3930709
3931957
3939477
3939722
3940493
3943871
3943910
3944834
3945485
3945520
3945844
3946889
3948287
3950777
3951154
3952412
3953804
3954200
3954471
3955260
3956775
3957932
3959206
3960208
3960688
3961576
3963589
3964984
3965140
3965656
3965860
3968845
3969223
3969768
3970116
3970414
3971234
3971703
3974050
3974445
3974759
3974840
3975522
3977404
3981433
3982096
3983774
3983965
3984954
3986823
3987087
3988436
3988606
3992208
3992400
3992882
3993543
3995119
3997834
3998062
3998768
4000567
4002222
4003156
4004123
4004667
4004807
4005923
4006459
4007975
4007980
4008149
4008502
4008813
4008984
4009332
4009972
4013499
4013545
4013708
4014112
4015598
4015748
4015781
4017853
4018305
4019086
4019202
4019665
4020133
4022650
4023343
4024526
4027398
4027667
4027861
4028567
4029061
4029697
4029789
4030462
4032532
4032830
4033195
4033725
4033860
4034369
4034538
4035605
4036768
4039579
4040285
4041292
4042305
4043180
4043805
4044368
4044931
4045011
4045133
4048807
4049012
4049501
4050390
4052090
4052601
4052832
4054274
4054656
4055048
4055102
4055719
4057285
4058817
4059148
4059739
4061041
4062551
4062914
4063623
4063917
4065192
4065586
4066596
4066780
4066848
4071013
4071690
4071844
4074434
4075542
4075743
4076974
4077977
4083069
4083412
4083470
4085243
4085436
4086589
4086812
4088215
4088837
4089799
4090412
4092284
4092381
4093045
4093564
4095124
4095303
4095866
4099162
4100711
4102361
4103081
4103280
4103398
4103412
4103566
4103734
4104257
4104480
4104864
4105292
4105633
4105961
4107222
4108820
4108948
4109019
4109570
4112100
4112204
4112317
4113527
4113553
4113817
4114027
4115784
4115991
4117131
4117889
4118935
4119185
4119709
4120223
4120954
4121167
4122943
4123047
4123300
4123983
4124052
4124330
4125097
4125810
4125940
4127747
4128875
4130853
4130935
4131064
4131960
4133085
4133882
4134055
4134772
4135722
4135880
4136724
4138656
4140406
4142670
4142702
4143340
4146057
4146938
4147632
4148424
4151607
4152794
4153728
4153941
4154952
4156422
4156839
4157304
4157667
4158901
4159370
4159496
4160343
4161105
4161385
4163258
4163949
4165298
4165444
4166374
4166510
4166770
4166954
4167693
4168057
4168286
4169196
4169457
4169828
4173015
4175418
4175661
4176076
4176810
4177031
4177397
4180204
4180499
4180833
4180870
4182732
4182769
4184238
4186287
4189313
4189369
4190294
4191187
4191685
4192680
4192707
4193455
4194219
4194965
4196769
4198081
4198304
4198914
4199111
4199190
4201209
4205227
4206294
4207486
4207617
4207836
4207902
4208300
4210276
4213906
4217235
4217404
4220764
4221456
4222433
4223240
4225459
4225669
4226261
4228754
4229463
4230356
4230534
4230578
4231161
4231475
4231729
4236217
4238964
4239086
4239109
4239682
4240402
4242103
4242425
4245910
4247258
4249351
4249756
4250611
4251836
4254041
4254942
4255202
4255698
4255879
4256307
4256587
4258614
4260588
4261797
4262014
4262721
4262866
4264476
4267883
4270643
4272359
4273686
4274603
4278416
4279218
4279999
4280135
4280491
4280830
4282104
4283358
4283879
4283913
4284321
4285920
4287536
4288412
4288899
4292577
4292832
4292918
4295196
4299456
4299637
4299739
4299857
4299894
4303116
4303320
4305326
4305639
4305896
4308934
4309370
4310939
4311506
4311941
4312606
4314023
4314545
4314620
4316641
4316882
4318452
4318823
4320023
4320352
4320934
4321175
4321434
4322108
4322573
4324883
4325001
4325756
4326293
4326681
4327361
4327720
4328502
4329050
4331065
4332728
4333008
4333146
4334430
4335429
4336046
4336302
4338927
4340902
4341234
4341321
4341553
4342815
4345030
4349048
4351217
4351986
4351995
4352643
4352894
4353540
4355189
4355952
4356110
4357026
4357042
4360120
4360137
4360234
4360632
4363217
4363275
4363807
4365422
4367341
4367396
4367713
4370264
4370358
4370389
4370818
4371227
4371344
4373218
4373354
4373827
4374912
4375032
4376034
4376269
4376710
4377037
4377438
4380546
4384026
4384343
4386157
4386498
4387152
4388565
4389334
4390033
4391640
4392035
4393771
4394272
4397741
4398116
4398366
4399757
4401002
4403399
4403975
4404147
4404570
4405072
4406577
4406642
4407095
4408547
4409319
4411262
4412678
4413348
4414075
4415914
4416923
4418625
4418648
4420017
4421102
4421177
4421971
4423028
4423464
4423711
4424146
4424345
4424434
4428788
4429194
4430072
4430143
4434695
4437186
4437531
4438493
4439147
4442697
4445565
4446962
4447546
4449843
4449981
4450265
4451241
4451367
4453662
4455964
4456166
4456613
4457816
4458058
4458431
4458943
4460581
4461910
4461944
4465362
4467023
4467679
4468102
4469751
4471923
4472814
4474088
4474273
4475401
4476174
4477255
4477306
4479466
4479819
4480261
4480339
4480450
4480502
4480951
4481195
4481550
4481635
4482604
4483836
4485334
4485974
4485989
4486546
4486907
4487159
4487252
4487939
4488901
4492409
4492446
4494633
4495380
4495684
4497601
4498831
4500667
4502715
4503089
4503090
4505152
4508841
4510028
4510278
4511564
4511596
4512253
4512873
4513645
4513971
4517323
4517484
4517516
4518401
4519977
4520569
4521098
4522129
4522964
4525588
4525752
4530572
4531850
4532112
4532244
4533814
4534610
4536379
4538464
4539651
4541437
4542884
4543710
4549105
4551056
4551219
4552020
4553516
4556733
4558208
4558587
4559449
4559566
4559856
4561856
4562338
4563394
4563947
4564163
4565737
4565847
4566548
4567093
4568354
4568871
4570694
4571375
4571926
4571934
4572025
4579922
4581183
4582184
4582527
4582824
4583125
4583684
4584272
4585203
4585405
4587670
4592323
4593257
4594689
4597555
4600438
4600569
4601591
4602213
4603948
4604676
4605752
4605920
4606437
4607002
4607088
4607100
4607338
4608406
4609924
4610795
4611650
4612573
4612819
4613424
4614953
4617049
4617792
4620329
4620470
4621533
4622764
4623112
4629245
4630244
4630314
4632322
4634328
4634766
4634784
4635183
4637263
4637690
4638637
4640487
4640706
4642067
4642687
4643445
4643961
4644009
4648722
4648965
4649309
4649620
4650517
4650612
4651204
4651298
4652291
4652468
4652543
4653659
4653938
4655287
4655464
4657095
4660737
4662044
4662118
4662891
4663088
4663806
4664447
4666177
4666331
4666470
4667187
4667292
4670889
4671349
4671464
4671613
4672597
4675536
4675545
4676202
4676478
4677905
4678328
4680635
4684401
4685344
4685688
4686342
4686841
4687225
4689157
4690044
4691327
4693667
4695670
4695764
4696589
4699392
4705505
4707581
4707841
4711759
4712384
4712617
4713259
4713561
4715447
4715588
4718872
4719816
4720539
4721022
4721185
4721832
4721979
4722227
4723159
4723872
4724043
4724554
4725715
4726100
4727700
4727797
4728311
4728794
4729811
4731001
4731042
4732685
4733036
4733588
4733660
4734857
4734926
4736882
4738438
4738765
4738896
4739139
4740999
4741231
4741309
4741978
4743924
4743946
4746678
4748153
4748267
4749043
4749936
4750239
4751782
4751903
4752219
4752370
4752703
4753456
4754090
4754371
4757325
4758930
4759117
4760096
4760100
4761138
4762359
4763452
4764246
4764433
4766758
4767400
4767497
4769187
4769251
4769445
4769715
4771887
4772288
4774664
4774882
4777331
4777645
4778391
4778708
4780799
4781514
4781916
4782877
4783906
4784741
4784956
4785113
4786390
4786757
4786805
4786818
4788593
4788804
4789081
4789995
4790075
4790994
4791468
4792204
4792461
4792762
4793357
4794277
4794528
4794913
4797392
4798928
4799283
4799717
4800129
4803661
4804538
4806175
4807775
4809861
4810022
4812426
4812757
4813019
4813680
4814012
4816467
4818041
4819035
4819789
4821989
4822571
4823015
4824371
4825075
4825323
4825826
4829629
4830363
4830934
4832418
4833355
4834130
4834755
4834778
4836790
4837328
4837372
4838634
4839474
4839972
4840364
4842483
4843423
4844561
4844820
4845111
4845501
4846301
4848101
4850028
4850278
4850904
4852227
4852372
4853159
4854525
4859533
4861078
4861471
4861675
4862142
4862411
4863314
4863362
4865062
4865146
4865460
4865733
4869776
4870249
4870268
4870360
4871524
4871575
4872337
4872811
4873241
4873599
4873757
4873892
4874527
4875089
4876195
4876466
4876769
4876801
4877934
4878742
4878844
4880650
4882210
4882272
4884063
4884644
4884776
4885592
4885787
4888703
4890218
4892927
4894093
4896738
4898245
4898258
4900963
4901206
4902459
4904752
4905046
4905364
4905531
4905842
4906069
4906537
4909223
4910723
4911265
4911461
4913006
4913208
4913641
4914462
4915625
4917913
4918437
4919144
4919172
4919704
4920318
4920941
4921061
4921083
4921950
4922608
4924702
4925407
4926572
4926682
4926892
4928720
4930140
4930887
4931494
4932605
4933477
4933527
4933973
4934138
4935286
4936446
4938808
4940204
4940857
4942479
4942565
4942842
4944252
4945320
4945930
4946234
4948106
4948937
4950051
4953322
4954789
4956274
4956573
4956598
4956683
4957567
4957618
4961677
4962465
4962515
4962966
4963266
4964195
4964776
4966200
4966889
4967446
4969934
4970767
4970789
4971473
4973398
4975050
4976002
4976666
4976795
4979735
4981093
4981568
4984643
4986476
4986975
4987287
4988051
4988864
4989359
4989550
4992390
4993799
4994214
4995107
4997331
4997726
4998410
4998456
4998894
4999306
5000278
5000496
5001003
5002804
5005050
5005178
5005741
5005759
5009320
5010661
5011962
5014837
5017042
5018741
5018827
5020616
5020629
5020925
5023098
5023489
5023509
5024323
5024451
5024732
5024985
5025449
5025844
5026506
5026874
5027424
5028083
5029229
5029960
5030723
5031812
5034078
5034173
5038797
5040081
5041116
5041343
5042840
5042961
5043869
5044558
5047118
5049893
5054677
5055750
5055802
5057592
5058620
5061010
5061312
5061477
5061539
5061758
5061767
5062051
5064649
5065015
5067244
5073132
5074299
5074709
5078462
5080375
5081426
5082700
5083525
5084275
5084690
5084778
5085392
5085638
5093322
5094789
5095170
5096573
5097483
5100960
5101837
5102075
5103212
5104304
5104667
5105889
5106242
5107068
5108447
5109134
5110295
5110602
5112118
5112166
5113857
5114577
5117436
5117490
5117839
5118609
5120431
5122932
5122954
5124033
5124677
5126082
5126205
5129118
5133957
5134098
5134546
5134552
5134961
5135064
5135692
5136434
5138344
5139316
5139329
5140967
5141050
5142213
5142822
5143109
5143820
5144477
5146127
5146801
5147015
5147023
5147375
5147590
5148835
5150336
5150401
5151555
5151705
5151980
5154479
5154492
5155102
5156756
5157018
5161472
5161821
5162123
5163737
5164320
5165321
5167374
5171102
5171291
5173010
5174124
5174954
5176110
5176695
5176859
5178591
5179327
5179473
5179626
5180192
5181848
5182501
5183252
5183518
5183861
5184452
5184491
5185073
5186511
5190115
5193559
5193832
5194857
5195345
5196519
5196882
5197703
5198417
5198747
5199713
5200720
5200743
5201249
5202143
5203410
5203786
5204272
5205748
5205860
5207777
5209241
5209478
5210160
5210764
5211247
5211727
5212449
5216634
5217706
5218323
5219257
5219830
5220521
5221929
5222172
5222463
5222480
5223038
5223607
5225216
5227687
5228070
5231196
5231726
5232407
5232806
5233083
5233312
5236695
5236859
5236922
5237248
5237408
5239465
5240407
5241698
5242933
5244280
5245691
5246287
5248121
5248185
5248541
5249313
5249871
5250018
5252471
5253345
5253535
5253805
5256994
5257483
5258164
5259497
5259850
5260117
5260296
5260631
5261963
5263119
5263839
5264492
5266055
5266427
5267627
5269265
5269444
5269618
5270758
5270789
5271979
5272253
5272560
5272898
5273048
5274525
5274877
5277186
5277396
5281305
5282098
5282694
5282788
5286696
5287083
5287118
5287184
5288172
5290979
5291661
5297844
5298023
5298589
5299632
5302984
5303284
5303354
5307452
5307704
5309410
5310409
5313932
5313954
5314394
5316377
5316957
5317574
5319253
5321588
5321752
5322361
5322476
5322526
5323048
5325886
5326064
5326231
5326375
5327017
5327388
5327672
5329549
5329594
5330177
5331440
5331836
5332251
5333746
5333791
5334522
5337402
5337998
5340999
5341197
5341833
5344150
5344568
5344675
5345137
5345260
5349639
5351475
5351614
5352370
5353942
5354045
5354848
5356584
5356755
5357266
5359820
5365078
5366083
5366394
5366402
5367208
5367526
5371108
5371443
5373034
5374924
5375773
5375841
5376325
5376871
5377000
5377760
5377856
5379255
5380366
5382765
5384142
5384218
5387431
5389382
5392590
5392987
5393817
5395519
5397512
5397756
5398546
5398999
5400104
5400129
5400691
5401586
5403672
5404126
5405298
5405643
5406389
5407918
5409054
5410465
5410717
5412311
5414593
5414847
5415092
5416563
5418041
5419260
5420476
5422441
5423088
5423113
5423428
5424709
5425957
5426622
5427178
5427509
5427999
5428198
5428811
5429507
5430375
5430934
5432531
5436415
5437688
5437909
5438746
5438813
5439029
5439606
5440418
5440834
5440878
5441238
5441690
5443357
5443423
5444805
5444818
5444954
5445720
5447638
5447646
5448403
5449559
5449577
5449869
5452253
5452766
5452917
5455563
5456113
5456132
5458311
5458583
5458770
5459042
5459078
5460793
5462840
5465721
5466659
5467394
5467648
5468156
5468342
5470018
5471047
5471237
5472756
5473191
5480616
5481831
5482036
5482210
5482564
5483004
5483777
5484323
5484479
5487326
5488105
5488681
5488973
5490160
5490381
5490524
5490730
5490764
5490796
5491148
5492224
5494427
5494471
5496386
5496984
5497647
5500020
5500475
5501702
5501983
5503976
5504441
5504965
5507015
5508939
5510692
5511757
5512531
5513360
5513597
5515254
5515305
5515557
5516321
5517623
5518791
5519205
5520755
5522279
5522862
5524176
5524483
5524545
5526696
5526917
5527508
5527790
5528417
5528662
5529063
5529245
5529516
5529644
5530133
5530687
5531529
5533093
5533305
5534049
5534400
5534469
5537787
5540647
5540866
5541227
5542395
5542717
5543348
5545025
5545130
5545159
5546147
5546761
5547233
5549692
5551229
5551298
5551522
5552674
5554803
5556937
5558063
5559107
5559334
5560602
5561864
5561989
5565443
5566690
5569008
5569277
5571423
5571459
5573610
5574788
5575410
5576455
5576805
5577918
5578975
5579291
5579986
5580504
5581584
5582250
5584264
5584336
5584493
5586334
5586576
5588445
5588552
5589353
5589371
5592057
5594554
5595029
5595467
5595563
5597080
5597968
5598027
5598296
5599392
5600520
5600828
5601129
5601915
5602101
5602552
5602827
5604077
5604558
5606641
5608782
5609451
5612587
5612630
5613520
5614233
5614249
5617222
5618264
5618460
5618665
5620206
5620704
5622414
5622836
5625523
5626405
5628861
5629587
5630442
5630818
5630932
5630997
5631214
5635856
5636026
5636427
5639197
5640283
5640693
5644307
5644630
5645144
5645480
5648247
5648410
5649654
5649703
5649846
5649973
5650200
5651368
5653162
5654777
5654839
5655558
5655643
5656288
5656913
5657314
5657416
5658677
5658737
5667131
5671204
5671753
5672291
5673372
5673696
5674744
5675226
5676022
5677884
5678443
5679092
5680253
5680578
5681066
5682201
5682260
5683273
5683574
5683692
5684170
5688026
5688060
5688486
5690346
5691336
5692171
5693548
5695521
5697526
5697534
5697952
5702599
5703512
5703803
5703915
5704122
5705092
5707177
5707329
5708643
5708942
5710164
5710291
5711281
5711617
5712633
5714059
5715358
5717099
5717998
5718525
5723662
5725996
5726151
5727328
5728308
5729187
5730161
5730877
5731142
5731160
5732150
5732351
5737739
5738835
5742092
5743466
5744633
5745643
5746071
5746322
5747157
5749584
5749603
5749719
5751331
5752309
5752727
5753703
5754673
5755136
5755980
5756576
5758759
5759752
5760648
5761210
5761261
5761752
5762021
5763013
5763373
5763382
5764051
5765004
5766545
5766795
5766868
5767797
5767842
5768770
5769902
5771623
5773031
5773983
5776019
5776462
5776609
5777614
5778508
5780313
5782995
5784305
5784836
5785464
5785600
5787561
5787650
5789990
5791409
5793574
5793901
5797155
5798691
5799230
5799673
5800082
5800178
5800928
5802048
5802543
5802636
5803328
5803413
5803991
5805415
5805703
5805973
5805998
5807629
5808364
5809463
5810647
5810805
5811328
5813073
5813205
5813961
5814139
5815883
5817532
5818758
5819461
5821159
5822363
5823226
5823477
5825295
5827977
5829447
5829717
5830973
5832021
5832784
5832952
5834144
5836618
5836740
5840068
5840718
5844362
5844482
5844943
5846537
5847220
5849442
5853945
5855093
5855269
5855867
5856201
5856260
5858235
5863892
5864767
5865067
5865515
5865660
5868962
5869469
5870760
5871104
5871772
5874273
5874346
5874511
5875039
5875124
5875152
5875561
5876049
5879713
5880502
5882124
5882419
5882698
5883026
5883129
5885135
5885729
5885731
5886220
5886702
5887217
5891306
5892233
5892608
5892639
5892750
5894047
5894134
5894445
5896535
5897235
5898476
5899584
5900529
5901406
5902821
5903809
5904528
5906212
5907486
5909353
5910034
5910318
5911562
5911916
5913075
5913492
5913776
5916039
5916230
5916401
5918006
5918641
5919592
5919645
5920065
5920808
5921015
5922701
5924453
5926473
5927698
5929554
5930122
5931285
5931922
5933125
5934541
5935912
5941482
5942361
5942688
5942946
5945205
5947550
5949019
5950130
5950382
5951173
5951756
5952458
5955191
5956033
5956189
5956898
5958513
5959628
5960340
5960634
5961274
5964534
5964587
5964909
5966759
5967719
5969333
5969514
5969736
5972466
5972801
5973958
5975034
5975281
5975609
5976118
5976863
5977136
5977240
5980360
5981839
5982232
5985693
5986776
5988412
5989068
5989328
5989372
5990673
5992966
5995971
5996060
5996318
5999444
6002215
6002241
6002367
6002892
6003232
6005257
6009061
6009600
6011281
6011609
6012381
6012538
6013395
6014229
6014987
6015152
6018513
6021152
6022860
6023888
